n1 = 660, n2 = 100

(threshold, connectivity): [arrow center misses]
================================================
(8, 1): [10, 15]
(8, 0): [10, 15]
(64, 8): [12, 11]
(64, 4): [12, 11]
(64, 2): [12, 11]
(32, 8): [12, 11]
(32, 4): [12, 11]
(32, 2): [12, 11]
(16, 8): [12, 11]
(16, 4): [12, 11]
(16, 2): [12, 11]
(8, 8): [12, 11]
(8, 4): [12, 11]
(8, 2): [12, 11]
(4, 8): [12, 11]
(4, 4): [12, 11]
(4, 2): [12, 11]
(4, 1): [12, 14]
(4, 0): [12, 14]
(2, 8): [12, 11]
(2, 4): [12, 11]
(2, 2): [12, 11]
(1, 8): [12, 11]
(1, 4): [12, 11]
(1, 2): [12, 11]
(1, 1): [12, 11]
(1, 0): [12, 11]
(0, 8): [12, 11]
(0, 4): [12, 11]
(0, 2): [12, 11]
(0, 1): [12, 11]
(0, 0): [12, 11]
(128, 8): [13, 12]
(128, 4): [13, 12]
(128, 2): [13, 12]
(2, 1): [13, 12]
(2, 0): [13, 12]
(16, 1): [14, 15]
(16, 0): [14, 15]
(32, 1): [16, 17]
(32, 0): [16, 17]
(64, 1): [19, 16]
(64, 0): [19, 16]
(128, 1): [25, 18]
(128, 0): [25, 18]
(256, 8): [95, 31]
(256, 4): [95, 31]
(256, 2): [95, 31]
(256, 1): [150, 46]
(256, 0): [150, 46]
(512, 8): [1319, 215]
(512, 4): [1319, 215]
(512, 2): [1319, 215]
(512, 1): [1971, 310]
(512, 0): [1971, 310]
(1024, 8): [2277, 369]
(1024, 4): [2277, 369]
(1024, 2): [2277, 369]
(1024, 1): [2625, 400]
(1024, 0): [2625, 400]
