n1 = 660, n2 = 100
(block_size, C): [arrow center misses]
======================================
(5, -1): [12, 11]
(7, -2): [16, 17]
(5, -2): [21, 16]
(7, -1): [24, 8]
(7, 2): [27, 22]
(5, 1): [29, 19]
(9, -2): [32, 13]
(7, 1): [32, 12]
(9, -1): [33, 10]
(11, -1): [34, 13]
(11, -2): [34, 18]
(7, 0): [34, 12]
(5, 0): [35, 10]
(9, 1): [36, 13]
(9, 2): [37, 16]
(7, -3): [37, 18]
(3, -1): [37, 17]
(13, -1): [45, 16]
(11, 1): [45, 15]
(9, 0): [45, 10]
(9, -3): [45, 19]
(11, 2): [46, 17]
(13, 1): [47, 14]
(11, 0): [49, 14]
(9, 3): [49, 28]
(13, 2): [53, 17]
(11, -3): [54, 23]
(13, 0): [55, 16]
(13, -2): [55, 17]
(15, -1): [56, 19]
(11, 3): [56, 24]
(7, 3): [56, 32]
(15, 2): [58, 21]
(15, 0): [58, 17]
(15, -2): [60, 18]
(15, 1): [61, 18]
(5, -3): [61, 35]
(13, 3): [62, 30]
(13, -3): [63, 21]
(9, -4): [64, 32]
(5, 2): [65, 27]
(15, 3): [68, 28]
(7, -4): [69, 32]
(13, 4): [74, 30]
(11, 4): [74, 34]
(11, -4): [74, 34]
(15, -3): [76, 23]
(13, -4): [78, 31]
(9, 4): [81, 38]
(15, 4): [84, 38]
(15, -4): [84, 28]
(3, -2): [86, 43]
(3, 0): [98, 24]
(7, 4): [115, 39]
(5, -4): [125, 48]
(5, 3): [194, 44]
(3, 1): [254, 46]
(3, -3): [261, 70]
(5, 4): [408, 79]
(3, -4): [501, 112]
(3, 2): [667, 89]
(3, 3): [1135, 168]
(3, 4): [1598, 251]
